3
258.000000	103.000000	175.402130	1	200.646484	174.318130	61.155853	0.196316	0.849574	0.489575	0.503193	0.341243	-0.793946	0.841580	-0.402215	0.360508	
258.000000	103.000000	141.851410	1	591.977966	486.766968	189.469742	-0.426905	-0.879431	0.210602	0.111375	0.179985	0.977344	0.897412	-0.440689	-0.021110	
258.000000	103.000000	146.300690	1	578.506531	486.087219	188.606369	0.479083	0.872188	-0.098834	0.225926	-0.231328	-0.946280	0.848197	-0.431017	0.307875	
258.000000	103.000000	151.624329	1	526.969604	442.560059	161.765305	0.463679	0.885554	0.028214	0.561466	-0.269054	-0.782538	0.685389	-0.378687	0.621963	
258.000000	103.000000	136.271774	1	542.662964	461.796722	145.011032	0.311144	0.903148	-0.295825	-0.462124	-0.128216	-0.877498	0.830440	-0.409736	-0.377473	
259.000000	103.000000	175.473007	1	193.097137	168.796738	54.923634	0.216479	0.873118	0.436809	0.474632	0.296864	-0.828612	0.853148	-0.386700	0.350144	
259.000000	103.000000	142.124207	1	565.031006	463.154297	171.351181	-0.414367	-0.892335	0.178995	0.090264	0.155411	0.983717	0.905623	-0.423777	-0.016148	
259.000000	103.000000	146.760666	1	551.788696	458.291565	169.878357	0.460633	0.883249	-0.087685	0.245038	-0.221496	-0.943873	0.853096	-0.413293	0.318458	
259.000000	103.000000	152.201721	1	498.029266	414.274841	144.336670	0.456010	0.889945	0.007279	0.560205	-0.280676	-0.779353	0.691538	-0.359470	0.626543	
259.000000	103.000000	136.333511	1	514.489807	441.820465	128.322510	0.313814	0.915242	-0.252691	-0.441320	-0.095040	-0.892303	0.840689	-0.391535	-0.374090	
260.000000	103.000000	175.543869	1	185.246979	162.503525	48.992401	0.235907	0.894031	0.380864	0.444336	0.249320	-0.860469	0.864242	-0.372222	0.338433	
260.000000	103.000000	142.397003	1	537.096619	440.178406	153.440018	-0.399769	-0.903944	0.151884	0.071956	0.134241	0.988333	0.913787	-0.406034	-0.011378	
260.000000	103.000000	147.220642	1	523.521545	431.521149	151.724136	0.441361	0.893739	-0.080199	0.259776	-0.212810	-0.941928	0.858905	-0.394896	0.326097	
260.000000	103.000000	152.779114	1	468.346436	386.626129	128.428726	0.444817	0.895574	-0.009255	0.559318	-0.285845	-0.778111	0.699501	-0.340941	0.628059	
260.000000	103.000000	136.395248	1	486.480347	421.306610	112.499474	0.314954	0.925573	-0.210046	-0.420713	-0.062230	-0.905057	0.850767	-0.373420	-0.369801	
261.000000	103.000000	175.614731	1	177.544998	155.649445	43.758430	0.255511	0.912134	0.320508	0.414036	0.196339	-0.888834	0.873664	-0.359809	0.327489	
261.000000	103.000000	142.669800	1	508.357635	417.879211	135.857773	-0.383476	-0.914646	0.127941	0.055663	0.115390	0.991760	0.921872	-0.387438	-0.006663	
261.000000	103.000000	147.680603	1	494.191528	405.870575	134.385330	0.420868	0.904119	-0.073750	0.270750	-0.202797	-0.941046	0.865774	-0.376088	0.330141	
261.000000	103.000000	153.356506	1	438.235474	359.543518	114.142807	0.430126	0.902525	-0.020977	0.558801	-0.284419	-0.779004	0.709037	-0.323348	0.626668	
261.000000	103.000000	136.456970	1	458.714050	400.363770	97.628906	0.314322	0.934189	-0.168798	-0.400296	-0.030802	-0.915868	0.860793	-0.355447	-0.364270	
239.000000	104.000000	173.615250	1	277.901611	196.296631	155.384323	0.006628	-0.630571	-0.776103	0.970632	-0.182586	0.156638	0.240477	0.754349	-0.610842	
239.000000	104.000000	137.137787	1	986.352783	604.541260	553.609436	-0.303804	-0.406778	0.861531	-0.665504	-0.556482	-0.497426	0.681768	-0.724472	-0.101650	
239.000000	104.000000	137.953125	1	986.611328	623.499207	557.824280	-0.309616	-0.317686	0.896222	-0.544787	-0.713233	-0.441028	0.779323	-0.624799	0.047757	
239.000000	104.000000	141.075150	1	952.437927	678.492981	571.097168	-0.307015	0.096517	0.946798	0.604521	0.788144	0.115683	0.735048	-0.607876	0.300319	
239.000000	104.000000	135.272171	1	969.912415	587.873352	511.276123	-0.284796	-0.567178	0.772787	0.931794	0.025477	0.362094	0.225060	-0.823201	-0.521237	
240.000000	104.000000	173.686127	1	281.186279	194.562332	160.867859	-0.008265	-0.635677	-0.771911	0.996283	-0.071424	0.048151	0.085742	0.768644	-0.633905	
240.000000	104.000000	137.410583	1	978.388367	626.699524	538.202332	-0.307483	-0.423275	0.852228	-0.592743	-0.615427	-0.519524	0.744385	-0.664897	-0.061661	
240.000000	104.000000	138.413101	1	977.209961	650.191528	542.604004	-0.319948	-0.313703	0.893993	-0.512207	-0.736539	-0.441764	0.797043	-0.599251	0.074974	
240.000000	104.000000	141.652527	1	939.520691	701.553833	553.384888	-0.314914	0.132168	0.939873	0.607295	0.789071	0.092519	0.729398	-0.599916	0.328754	
240.000000	104.000000	135.333908	1	961.287170	596.584778	502.263885	-0.279761	-0.594904	0.753541	0.868645	0.177432	0.462574	-0.408889	0.783969	0.467122	
241.000000	104.000000	173.756989	1	283.492126	194.141479	163.980804	-0.019970	-0.643173	-0.765461	0.992887	0.077121	-0.090703	-0.117371	0.761827	-0.637058	
241.000000	104.000000	137.683380	1	968.907959	646.149475	521.187683	-0.310930	-0.440694	0.842088	-0.546947	-0.641627	-0.537739	0.777285	-0.627777	-0.041535	
241.000000	104.000000	138.873077	1	965.980957	673.600281	525.832031	-0.330116	-0.311610	0.891023	-0.484692	-0.754041	-0.443278	0.809998	-0.578205	0.097886	
241.000000	104.000000	142.229919	1	924.948792	720.626465	533.978394	-0.319765	0.168948	0.932313	0.606931	0.792123	0.064622	0.727589	-0.586513	0.355833	
241.000000	104.000000	135.395645	1	951.180542	606.351685	488.347778	-0.273824	-0.620876	0.734529	0.806090	0.268441	0.527407	-0.524632	0.736514	0.426976	
242.000000	104.000000	173.827850	1	284.956421	195.522476	164.221115	-0.030116	-0.652300	-0.757362	0.945760	0.226608	-0.232780	-0.323467	0.723293	-0.610095	
242.000000	104.000000	137.956177	1	957.822083	662.814026	502.846741	-0.314070	-0.459222	0.830948	-0.510942	-0.655922	-0.555612	0.800186	-0.599068	-0.028630	
242.000000	104.000000	139.333038	1	953.061096	693.602173	507.422455	-0.339993	-0.311340	0.887396	-0.459335	-0.768418	-0.445584	0.820619	-0.559108	0.118248	
242.000000	104.000000	142.807312	1	908.171021	735.717102	513.461304	-0.319287	0.208976	0.924330	0.608258	0.793142	0.030791	0.726690	-0.572062	0.380351	
242.000000	104.000000	135.457367	1	939.573181	615.006409	471.598480	-0.268305	-0.645057	0.715482	0.753931	0.321727	0.572783	-0.599668	0.693104	0.400007	
248.000000	104.000000	174.253052	1	275.768036	210.657684	133.804520	0.085255	0.727512	0.680778	-0.648775	-0.478032	0.592095	0.756190	-0.492150	0.431237	
248.000000	104.000000	139.592957	1	852.313049	691.707825	387.504242	-0.376012	-0.646731	0.663591	-0.330825	-0.575251	-0.748092	0.865546	-0.500824	0.002347	
248.000000	104.000000	142.092865	1	826.946045	737.083252	390.122894	-0.459071	-0.481162	0.746817	-0.263206	-0.729228	-0.631624	0.848514	-0.486527	0.208123	
248.000000	104.000000	146.271637	1	775.179260	732.300293	380.533875	0.092585	0.781043	0.617576	-0.699395	-0.390456	0.598657	0.708714	-0.487356	0.510108	
248.000000	104.000000	135.827759	1	832.703064	618.334717	353.485077	-0.267316	-0.776414	0.570722	0.576699	0.345591	0.740260	-0.771985	0.527018	0.355375	
249.000000	104.000000	174.323929	1	271.484100	211.198410	126.693993	0.095703	0.743201	0.662188	-0.622224	-0.474588	0.622578	0.776967	-0.471612	0.417018	
249.000000	104.000000	139.865753	1	830.859741	683.186096	368.420532	-0.390939	-0.691925	0.606965	-0.294181	-0.530924	-0.794718	0.872138	-0.489244	0.004008	
249.000000	104.000000	142.552841	1	803.394775	727.733154	370.259460	-0.493275	-0.573425	0.654113	0.183327	0.666544	0.722572	0.850336	-0.476344	0.223665	
249.000000	104.000000	146.849030	1	758.009216	709.758362	356.791809	0.236834	0.861145	0.449821	0.669144	0.191094	-0.718143	0.704383	-0.471076	0.530972	
249.000000	104.000000	135.889496	1	809.111877	611.323181	332.499451	-0.269895	-0.797545	0.539517	0.558056	0.327051	0.762635	0.784685	-0.506911	-0.356805	
250.000000	104.000000	174.394791	1	266.687103	211.113327	119.401062	-0.106941	-0.760306	-0.640701	-0.598660	-0.465255	0.652031	0.793832	-0.453291	0.405410	
250.000000	104.000000	140.138550	1	809.374695	671.061829	348.899231	-0.403032	-0.735674	0.544379	-0.256027	-0.480445	-0.838822	0.878644	-0.477448	0.005282	
250.000000	104.000000	143.012817	1	781.735046	712.375488	350.014984	-0.516158	-0.672255	0.530710	0.086618	0.575484	0.813213	0.852102	-0.465715	0.238812	
250.000000	104.000000	147.426422	1	741.408691	682.811584	332.891113	0.320757	0.889439	0.325597	0.637727	0.051360	-0.768549	0.700300	-0.454159	0.550745	
250.000000	104.000000	135.951233	1	784.389709	602.419922	311.291656	-0.272556	-0.817987	0.506567	0.540361	0.305483	0.784022	0.796067	-0.487419	-0.358747	
251.000000	104.000000	174.465652	1	261.144623	210.129913	111.905891	-0.119288	-0.778268	-0.616498	-0.576249	-0.451377	0.681319	0.808522	-0.436529	0.394632	
251.000000	104.000000	140.411346	1	787.833252	655.553894	329.108246	-0.411309	-0.775445	0.479073	-0.217837	-0.426733	-0.877750	0.885083	-0.465386	0.006599	
251.000000	104.000000	143.472778	1	761.801025	691.415955	329.425659	0.520434	0.753579	-0.401581	0.008457	-0.474815	-0.880045	0.853860	-0.454609	0.253483	
251.000000	104.000000	148.003799	1	723.436646	653.679810	309.073639	0.366037	0.898686	0.241622	0.617070	-0.040039	-0.785889	0.696593	-0.436762	0.569207	
251.000000	104.000000	136.012970	1	758.724731	591.653259	289.998108	-0.275285	-0.837505	0.472020	0.523135	0.281432	0.804442	0.806565	-0.468381	-0.360655	
252.000000	104.000000	174.536530	1	255.300705	208.546722	104.322403	0.132798	0.797456	0.588581	0.555530	0.431907	-0.710523	0.820824	-0.421330	0.385654	
252.000000	104.000000	140.684143	1	765.952271	637.040894	309.168823	-0.415334	-0.809586	0.414810	-0.181471	-0.373096	-0.909872	0.891385	-0.453177	0.008043	
252.000000	104.000000	143.932755	1	742.629761	666.340820	308.669678	0.510430	0.808134	-0.293904	0.086195	-0.388142	-0.917560	0.855588	-0.443018	0.267776	
252.000000	104.000000	148.581192	1	703.582764	623.653076	285.584076	0.391363	0.902096	0.181816	0.604939	-0.103314	-0.789541	0.693458	-0.418985	0.586146	
252.000000	104.000000	136.074692	1	732.207397	579.072571	268.741547	0.278176	0.855947	-0.435859	0.506200	0.255006	0.823853	-0.816320	0.449808	0.362344	
253.000000	104.000000	174.607391	1	248.784775	206.073456	96.613548	0.147599	0.817348	0.556918	0.534523	0.407848	-0.740233	0.832166	-0.406943	0.376693	
253.000000	104.000000	140.956940	1	743.597046	616.169250	289.307556	-0.415137	-0.837691	0.354873	-0.148167	-0.322611	-0.934863	0.897612	-0.440676	0.009810	
253.000000	104.000000	144.392731	1	723.022217	638.648926	287.934631	0.494175	0.842233	-0.215488	0.144444	-0.323969	-0.934976	0.857279	-0.430916	0.281752	
253.000000	104.000000	149.158585	1	681.454407	593.040955	262.570740	0.405908	0.903711	0.136179	0.598263	-0.150105	-0.787115	0.690884	-0.400967	0.601585	
253.000000	104.000000	136.136429	1	704.966980	564.764160	247.690079	0.281230	0.873200	-0.398034	0.489359	0.226301	0.842209	-0.825492	0.431636	0.363666	
254.000000	104.000000	174.678268	1	242.042587	202.998550	88.932549	0.163919	0.838195	0.520154	0.513815	0.377568	-0.770348	0.842095	-0.393538	0.368787	
254.000000	104.000000	141.229736	1	720.286743	593.470764	269.474670	-0.411284	-0.860242	0.301379	0.118925	0.277169	0.953433	0.903716	-0.427973	0.011691	
254.000000	104.000000	144.852692	1	702.000854	609.322205	267.254456	0.476542	0.864179	-0.161564	0.187668	-0.279530	-0.941618	0.858888	-0.418400	0.295387	
254.000000	104.000000	149.735977	1	657.338684	562.433716	240.233459	0.413990	0.904860	0.099206	0.594781	-0.186389	-0.781981	0.689092	-0.382738	0.615356	
254.000000	104.000000	136.198166	1	677.130188	548.880798	226.956512	0.284394	0.889141	-0.358536	0.472585	0.195368	0.859357	-0.834137	0.413834	0.364633	
255.000000	104.000000	174.749130	1	234.867462	199.132507	81.271538	0.181696	0.859236	0.478226	0.492163	0.341567	-0.800692	0.851329	-0.380848	0.360823	
255.000000	104.000000	141.502533	1	696.082092	569.684265	249.936783	-0.404486	-0.878353	0.254730	0.093626	0.237299	0.966914	0.909739	-0.414953	0.013747	
255.000000	104.000000	145.312668	1	679.421387	579.330933	246.868469	0.459208	0.879419	-0.125501	0.220647	-0.249766	-0.942832	0.860490	-0.405264	0.308735	
255.000000	104.000000	150.313354	1	631.299377	532.006897	218.665634	0.417723	0.906020	0.068088	0.593221	-0.215209	-0.775742	0.688184	-0.364437	0.627367	
255.000000	104.000000	136.259888	1	648.865784	531.610596	206.681183	0.287503	0.903589	-0.317597	0.455765	0.162579	0.875127	-0.842390	0.396351	0.365082	
256.000000	104.000000	174.819992	1	227.398148	194.553467	73.728661	0.200541	0.879499	0.431583	0.469950	0.300178	-0.830084	0.859610	-0.369288	0.353123	
256.000000	104.000000	141.775330	1	670.423767	545.112183	230.575119	-0.395493	-0.892967	0.214933	0.071987	0.203155	0.976497	0.915644	-0.401670	0.016064	
256.000000	104.000000	145.772644	1	655.119690	549.249268	226.918411	0.442566	0.890927	-0.101904	0.246549	-0.230150	-0.941406	0.862177	-0.391510	0.321514	
256.000000	104.000000	150.890747	1	603.376221	501.888763	197.970596	0.418297	0.907373	0.041251	0.592725	-0.238268	-0.769354	0.688263	-0.346269	0.637489	
256.000000	104.000000	136.321625	1	620.322876	513.193909	187.015518	0.290376	0.916392	-0.275513	0.438954	0.128279	0.889305	-0.850295	0.379170	0.365005	
257.000000	104.000000	174.890869	1	219.860138	189.467865	66.598579	0.219278	0.897571	0.382470	0.449150	0.255136	-0.856254	0.866130	-0.359543	0.347198	
257.000000	104.000000	142.048126	1	643.367615	520.311829	211.778381	-0.384780	-0.905005	0.181413	0.054005	0.174134	0.983240	0.921427	-0.388128	0.018128	
257.000000	104.000000	146.232620	1	628.650574	519.414612	207.530350	0.426886	0.900041	-0.087714	0.267060	-0.218143	-0.938665	0.863972	-0.377279	0.333487	
257.000000	104.000000	151.468140	1	573.914001	472.409271	178.526276	0.416812	0.908826	0.017405	0.592154	-0.256951	-0.763761	0.689653	-0.328651	0.645265	
257.000000	104.000000	136.383362	1	591.325684	493.786133	168.120972	0.292902	0.927308	-0.233040	0.422805	0.092990	0.901437	-0.857581	0.362563	0.364834	
258.000000	104.000000	174.961731	1	211.481567	183.287689	60.439571	0.232054	0.910797	0.341466	0.430020	0.218822	-0.875899	0.872487	-0.350094	0.340883	
258.000000	104.000000	142.320923	1	614.507202	495.450806	194.071899	-0.371868	-0.915180	0.155432	0.039442	0.151711	0.987638	0.927447	-0.373401	0.020320	
258.000000	104.000000	146.692581	1	599.845642	490.342773	189.378586	0.411329	0.907793	-0.081980	0.283294	-0.212811	-0.935124	0.866345	-0.361419	0.344708	
258.000000	104.000000	152.045517	1	542.625488	443.631989	160.895752	0.413128	0.910657	-0.005289	0.591788	-0.272875	-0.758502	0.692179	-0.310229	0.651649	
258.000000	104.000000	136.445084	1	561.554871	473.591309	150.633652	0.292709	0.936324	-0.193955	0.408474	0.060959	0.910732	-0.864564	0.345805	0.364621	
259.000000	104.000000	175.032593	1	202.921677	176.556534	54.888550	0.238762	0.922595	0.303004	0.408911	0.187496	-0.893106	0.880787	-0.337141	0.332492	
259.000000	104.000000	142.593719	1	584.685913	471.295197	176.729111	-0.355754	-0.925014	0.133376	0.025881	0.132907	0.990791	0.934221	-0.355930	0.023342	
259.000000	104.000000	147.152557	1	569.603882	462.534210	171.727570	0.393078	0.916148	-0.078504	0.297866	-0.207641	-0.931751	0.869923	-0.342867	0.354508	
259.000000	104.000000	152.622910	1	510.431549	415.705139	144.201004	0.403506	0.914683	-0.023208	0.593306	-0.280873	-0.754386	0.696542	-0.290630	0.656020	
259.000000	104.000000	136.506821	1	531.670166	452.575989	134.091782	0.288354	0.944327	-0.158424	0.394924	0.033434	0.918105	-0.872288	0.327305	0.363297	
260.000000	104.000000	175.103470	1	194.175430	169.454880	49.630215	0.245032	0.933825	0.260636	0.385668	0.152761	-0.909903	0.889505	-0.323474	0.322715	
260.000000	104.000000	142.866516	1	553.941711	447.797516	159.317230	-0.337492	-0.934466	0.113457	0.013370	0.115758	0.993187	0.941234	-0.336709	0.026573	
260.000000	104.000000	147.612534	1	538.081543	435.899567	154.340088	0.372564	0.924966	-0.075060	0.310216	-0.200363	-0.929312	0.874621	-0.322944	0.361588	
260.000000	104.000000	153.200302	1	477.941406	388.434387	128.800919	0.388949	0.920555	-0.036008	0.595555	-0.281067	-0.752539	0.702875	-0.271255	0.657562	
260.000000	104.000000	136.568558	1	502.082275	431.157501	118.274284	0.281307	0.951335	-0.125813	0.381577	0.009405	0.924289	-0.880492	0.308016	0.360362	
261.000000	104.000000	175.174332	1	184.983414	162.015030	44.835285	0.251673	0.943635	0.214974	0.360717	0.114660	-0.925600	0.898078	-0.310494	0.311528	
261.000000	104.000000	143.139313	1	522.869141	425.149933	141.854401	-0.317168	-0.943599	0.095004	0.001198	0.099777	0.995009	0.948369	-0.315699	0.030516	
261.000000	104.000000	148.072495	1	505.846191	410.321472	137.340210	0.349347	0.934372	-0.070045	0.320377	-0.189364	-0.928170	0.880520	-0.301813	0.365505	
261.000000	104.000000	153.777695	1	445.521942	361.589813	114.790199	0.368857	0.928500	-0.042791	0.598731	-0.272562	-0.753148	0.710961	-0.252184	0.656458	
261.000000	104.000000	136.630295	1	472.885834	409.380096	103.227890	0.271487	0.957545	-0.096963	-0.368524	0.010356	-0.929560	0.889092	-0.288096	-0.355690	
262.000000	104.000000	175.245193	1	175.353439	154.611816	40.882576	0.258559	0.952386	0.161581	0.336182	0.068098	-0.939332	0.905609	-0.297194	0.302568	
262.000000	104.000000	143.412109	1	492.001526	403.175995	124.193413	-0.296220	-0.952176	0.074930	-0.010860	0.081803	0.996589	0.955058	-0.294396	0.034572	
262.000000	104.000000	148.532471	1	473.937714	385.790405	120.530235	0.324092	0.944090	-0.060480	0.328145	-0.172148	-0.928809	0.887291	-0.281174	0.365590	
262.000000	104.000000	154.355072	1	414.048645	335.110992	101.949471	0.343932	0.938069	-0.041686	0.601680	-0.254247	-0.757192	0.720897	-0.235341	0.651861	
262.000000	104.000000	136.692017	1	444.546722	387.350342	88.696617	0.260847	0.962863	-0.069669	-0.354649	0.028456	-0.934566	0.897877	-0.268487	-0.348901	
263.000000	104.000000	175.316071	1	165.195496	146.737579	37.665447	0.258423	0.958556	0.119953	0.317189	0.033092	-0.947785	0.912474	-0.282977	0.295491	
263.000000	104.000000	143.684906	1	461.062927	381.543701	107.497009	-0.276458	-0.959347	0.056774	-0.021024	0.065099	0.997657	0.960796	-0.274617	0.038167	
263.000000	104.000000	148.992447	1	441.888611	361.602356	105.274078	0.300061	0.952570	-0.050722	0.331946	-0.154117	-0.930623	0.894301	-0.262407	0.362447	
263.000000	104.000000	154.932465	1	382.869507	308.630493	91.301369	0.319862	0.946691	-0.038260	0.602442	-0.234385	-0.762973	0.731267	-0.220996	0.645298	
263.000000	104.000000	136.753754	1	416.434784	365.313385	75.533157	0.251641	0.966829	-0.043805	-0.340988	0.046210	-0.938931	0.905761	-0.251210	-0.341305	
238.000000	105.000000	173.103973	1	286.091278	198.958542	170.407928	-0.004203	-0.660970	-0.750400	0.934304	-0.270082	0.232661	0.356452	0.700124	-0.618683	
238.000000	105.000000	137.334518	1	1018.157959	647.281616	556.863953	-0.306975	-0.402498	0.862416	-0.194292	-0.860581	-0.470799	0.931674	-0.312084	0.185975	
238.000000	105.000000	137.885056	1	1017.664551	664.128113	555.765015	-0.308734	-0.340404	0.888149	-0.210952	-0.886004	-0.412912	0.927460	-0.314837	0.201731	
238.000000	105.000000	140.918945	1	972.224670	720.083496	578.736938	-0.297835	0.091315	0.950240	0.397603	0.916831	0.036517	0.867875	-0.388694	0.309372	
238.000000	105.000000	135.383759	1	1000.451904	576.566162	568.957153	-0.291845	-0.579576	0.760867	-0.583439	-0.522483	-0.621780	0.757908	-0.625383	-0.185663	
239.000000	105.000000	173.174850	1	290.598480	196.832108	177.134109	-0.014022	-0.669562	-0.742624	0.986184	-0.131864	0.100270	0.165063	0.730958	-0.662160	
239.000000	105.000000	137.607315	1	1010.949158	666.728027	547.665405	-0.311834	-0.421489	0.851532	-0.286148	-0.812950	-0.507181	0.906024	-0.401821	0.132897	
239.000000	105.000000	138.345016	1	1009.166870	688.382874	546.776855	-0.318582	-0.340106	0.884779	-0.283194	-0.856633	-0.431256	0.904603	-0.387955	0.176592	
239.000000	105.000000	141.496338	1	958.793274	742.167114	567.100037	-0.306110	0.131029	0.942936	0.455478	0.889918	0.024202	0.835964	-0.436895	0.332093	
239.000000	105.000000	135.445496	1	991.973389	596.411682	553.123535	-0.288312	-0.609867	0.738199	-0.627413	-0.462063	-0.626779	0.723346	-0.643863	-0.249420	
240.000000	105.000000	173.245712	1	293.988403	196.586639	180.897858	-0.025075	-0.678668	-0.734017	0.984797	0.109481	-0.134867	-0.171891	0.726240	-0.665605	
240.000000	105.000000	137.880112	1	1001.860657	685.246216	535.434570	-0.316018	-0.442385	0.839302	-0.316613	-0.784751	-0.532844	0.894365	-0.434122	0.107931	
240.000000	105.000000	138.804993	1	998.216553	711.262817	534.799500	-0.329544	-0.341862	0.880075	-0.307396	-0.842505	-0.442373	0.892698	-0.416312	0.172555	
240.000000	105.000000	142.073715	1	944.009827	761.552429	551.990234	-0.313201	0.173885	0.933632	0.488778	0.872407	0.001486	0.814249	-0.456804	0.358230	
240.000000	105.000000	135.507217	1	981.875916	613.308472	536.295288	-0.281322	-0.639223	0.715718	-0.612016	-0.454948	-0.646884	0.739117	-0.620014	-0.263227	
241.000000	105.000000	173.316589	1	296.447113	199.613495	180.474899	-0.034602	-0.689365	-0.723587	0.869983	0.335557	-0.361290	-0.491865	0.642010	-0.588126	
241.000000	105.000000	138.152908	1	991.106384	701.882446	520.596680	-0.319610	-0.465541	0.825300	-0.323044	-0.765269	-0.556782	0.890781	-0.444562	0.094197	
241.000000	105.000000	139.264969	1	985.326233	731.786865	520.064453	-0.340694	-0.345907	0.874229	-0.311468	-0.835823	-0.452093	0.887083	-0.426320	0.177020	
241.000000	105.000000	142.651108	1	927.755249	777.570007	534.150208	-0.315005	0.222422	0.922659	0.512961	0.857828	-0.031664	-0.798525	0.463314	-0.384314	
241.000000	105.000000	135.568954	1	970.848511	627.220886	517.806458	-0.273151	-0.667136	0.693050	-0.592305	-0.451050	-0.667629	0.758000	-0.592861	-0.271943	
242.000000	105.000000	173.387451	1	297.971893	204.235504	177.108368	0.043003	0.701482	0.711389	0.753985	0.444380	-0.483770	0.655483	-0.557180	0.509797	
242.000000	105.000000	138.425705	1	978.942017	716.151550	503.598907	-0.323115	-0.491567	0.808677	-0.317070	-0.748893	-0.581915	0.891663	-0.444433	0.086118	
242.000000	105.000000	139.724930	1	970.746887	749.714722	502.869965	-0.352342	-0.353447	0.866563	-0.304617	-0.832208	-0.463291	0.884909	-0.427206	0.185556	
242.000000	105.000000	143.228500	1	909.878357	789.954834	514.372498	-0.307410	0.281590	0.908959	0.535433	0.840837	-0.079403	-0.786645	0.462278	-0.409254	
242.000000	105.000000	135.630692	1	958.865906	637.987854	497.890442	-0.265377	-0.693563	0.669735	-0.571446	-0.446336	-0.688646	0.776546	-0.565469	-0.277887	
243.000000	105.000000	173.458313	1	298.613403	209.458893	171.630737	0.052729	0.715757	0.696356	0.671424	0.490767	-0.555282	-0.739195	0.496829	-0.454699	
243.000000	105.000000	138.698502	1	965.615784	728.148987	484.064972	-0.327913	-0.521687	0.787601	-0.304941	-0.730620	-0.610905	0.894138	-0.440496	0.080496	
243.000000	105.000000	140.184906	1	954.105774	765.159058	483.280823	-0.365165	-0.367159	0.855482	-0.292706	-0.827054	-0.479900	0.883729	-0.425648	0.194541	
243.000000	105.000000	143.805893	1	890.431458	798.494568	492.690613	0.281061	-0.362343	-0.888657	0.563702	0.811741	-0.152696	0.776688	-0.458021	0.432402	
243.000000	105.000000	135.692413	1	945.903137	645.922485	476.291382	-0.259881	-0.718972	0.644625	-0.549760	-0.438651	-0.710879	0.793868	-0.539133	-0.281265	
244.000000	105.000000	173.529190	1	298.430817	214.775879	164.909424	0.064823	0.730989	0.679304	0.627541	0.499421	-0.597303	-0.775880	0.465010	-0.426352	
244.000000	105.000000	138.971298	1	950.684448	736.762329	463.768097	-0.335987	-0.556613	0.759799	-0.290573	-0.706089	-0.645760	0.895924	-0.437744	0.075500	
244.000000	105.000000	140.644882	1	935.465393	776.783875	463.095795	-0.381189	-0.391299	0.837604	-0.276280	-0.816392	-0.507123	0.882249	-0.424723	0.203092	
244.000000	105.000000	144.383270	1	869.663696	801.821777	470.401794	0.222178	-0.476208	-0.850801	0.601748	0.753566	-0.264644	0.767161	-0.453170	0.453983	
244.000000	105.000000	135.754150	1	931.314209	651.060242	453.897247	-0.257908	-0.743091	0.617494	-0.531620	-0.424524	-0.732912	0.806761	-0.517296	-0.285554	
245.000000	105.000000	173.600052	1	297.401764	219.228943	157.847244	0.077536	0.746644	0.660690	0.600898	0.493798	-0.628558	-0.795557	0.445743	-0.410369	
245.000000	105.000000	139.244095	1	933.905273	741.087585	443.624481	-0.346389	-0.596222	0.724247	-0.272398	-0.674851	-0.685839	0.897671	-0.434851	0.071351	
245.000000	105.000000	141.104843	1	914.816833	783.597900	442.984039	0.401858	0.430773	-0.808050	0.250554	0.797036	0.549506	0.880757	-0.423284	0.212363	
245.000000	105.000000	144.960663	1	849.569397	798.386658	447.836395	0.105556	-0.635178	-0.765118	0.643583	0.630180	-0.434367	0.758063	-0.446567	0.475309	
245.000000	105.000000	135.815887	1	914.698914	653.172302	431.449615	-0.258209	-0.766218	0.588420	-0.515703	-0.405721	-0.754613	0.816932	-0.498298	-0.290380	
246.000000	105.000000	173.670914	1	295.374146	222.564621	150.400284	0.090880	0.762300	0.640812	0.580853	0.482107	-0.655883	-0.808919	0.431824	-0.398971	
246.000000	105.000000	139.516891	1	916.012634	741.109436	423.861755	-0.358559	-0.640459	0.679152	-0.249376	-0.635371	-0.730832	0.899581	-0.431411	0.068103	
246.000000	105.000000	141.564819	1	893.038940	785.217224	423.122070	-0.427307	-0.491018	0.759151	0.210539	0.762544	0.611719	-0.879251	0.421223	-0.222462	
246.000000	105.000000	145.538055	1	833.062439	785.982422	424.904388	-0.066130	-0.795542	-0.602278	-0.659047	-0.418378	0.624993	0.749188	-0.438261	0.496633	
246.000000	105.000000	135.877609	1	896.028137	652.427551	409.123474	-0.260203	-0.788838	0.556803	0.501650	0.382283	0.776020	-0.825010	0.481243	0.296249	
247.000000	105.000000	173.741791	1	292.626953	225.013153	142.932724	-0.105097	-0.778614	-0.618640	-0.566739	-0.464284	0.680623	0.817167	-0.422138	0.392476	
247.000000	105.000000	139.789688	1	897.133423	736.311584	404.642273	-0.371423	-0.687458	0.624056	-0.222168	-0.586805	-0.778653	0.901491	-0.427855	0.065222	
247.000000	105.000000	142.024796	1	871.379456	780.684326	403.722076	-0.454903	-0.573750	0.681083	0.151041	0.704008	0.693945	0.877639	-0.418549	0.233596	
247.000000	105.000000	146.115448	1	819.883911	764.922607	401.680054	0.209238	0.879062	0.428333	0.638906	0.208709	-0.740433	0.740283	-0.428591	0.517968	
247.000000	105.000000	135.939346	1	875.454529	649.082336	386.928833	-0.263418	-0.810671	0.522900	0.489081	0.354988	0.796733	-0.831511	0.465614	0.302973	
248.000000	105.000000	173.812653	1	288.967316	226.017807	135.911423	-0.117448	-0.793422	-0.597234	-0.555805	-0.445865	0.701630	0.822974	-0.414351	0.388622	
248.000000	105.000000	140.062485	1	877.568054	726.546204	386.511139	-0.382447	-0.733398	0.562016	-0.191685	-0.532047	-0.824732	0.903876	-0.423146	0.062898	
248.000000	105.000000	142.484756	1	850.780579	768.793518	385.078613	-0.476092	-0.665838	0.574452	0.074130	0.620524	0.780676	0.876265	-0.414258	0.246068	
248.000000	105.000000	146.692825	1	806.459045	738.970764	378.752289	0.292101	0.906693	0.304279	0.616053	0.064978	-0.785020	0.731543	-0.416757	0.539591	
248.000000	105.000000	136.001083	1	852.695068	643.010620	365.223877	-0.266255	-0.831098	0.488246	0.478388	0.325807	0.815472	-0.836811	0.450695	0.310840	
249.000000	105.000000	173.883514	1	284.445099	225.713562	128.941681	0.127446	0.808666	0.574296	0.540011	0.429103	-0.724057	0.831953	-0.402404	0.382001	
249.000000	105.000000	140.335281	1	857.493713	712.789856	368.411591	-0.389242	-0.775984	0.496326	-0.158737	-0.474252	-0.865961	0.907355	-0.415854	0.061422	
249.000000	105.000000	142.944733	1	831.637451	750.746887	366.173096	-0.483086	-0.748192	0.454793	-0.009430	0.523840	0.851765	0.875522	-0.407187	0.260115	
249.000000	105.000000	147.270218	1	791.418274	710.624695	355.279083	0.336159	0.915176	0.222373	0.602946	-0.027741	-0.797300	0.723501	-0.402098	0.561127	
249.000000	105.000000	136.062820	1	828.687927	634.572998	343.748688	0.267822	0.850914	-0.451902	0.467206	0.295499	0.833306	-0.842609	0.434309	0.318411	
250.000000	105.000000	173.954391	1	279.429199	224.710556	121.667290	0.138174	0.825383	0.547405	0.523102	0.408506	-0.747989	0.840995	-0.389701	0.375314	
250.000000	105.000000	140.608078	1	836.978699	695.670349	349.739471	-0.391585	-0.812952	0.431009	-0.126496	-0.416406	-0.900336	0.911405	-0.407079	0.060223	
250.000000	105.000000	143.404709	1	813.305786	727.904846	346.717346	0.476595	0.808320	-0.345653	0.083968	-0.433237	-0.897360	0.875104	-0.398653	0.274352	
250.000000	105.000000	147.847610	1	774.035645	681.096985	331.452026	0.361089	0.917844	0.164857	0.597370	-0.091917	-0.796681	0.716075	-0.386153	0.581482	
250.000000	105.000000	136.124542	1	803.613953	624.078552	321.891876	0.269083	0.869642	-0.413904	0.455664	0.263663	0.850207	-0.848507	0.417377	0.325318	
251.000000	105.000000	174.025253	1	273.759125	222.893433	114.127617	0.149766	0.842648	0.517219	0.505796	0.384190	-0.772378	0.849553	-0.377284	0.368669	
251.000000	105.000000	140.880875	1	815.879211	675.807556	330.669373	-0.389897	-0.843396	0.369682	-0.096934	-0.361633	-0.927268	0.915743	-0.397373	0.059245	
251.000000	105.000000	143.864670	1	794.672729	701.671204	326.876862	0.462712	0.847405	-0.260391	0.143162	-0.361298	-0.921395	0.874873	-0.389062	0.288493	
251.000000	105.000000	148.424988	1	754.085510	651.024292	307.654510	0.375795	0.918747	0.121171	0.596235	-0.139611	-0.790578	0.709424	-0.369341	0.600254	
251.000000	105.000000	136.186279	1	777.706543	611.726868	299.955475	0.270242	0.886946	-0.374562	0.443945	0.230418	0.865922	-0.854331	0.400293	0.331486	
252.000000	105.000000	174.096115	1	267.649445	220.336151	106.516228	0.162284	0.860213	0.483424	0.488848	0.355482	-0.796656	0.857141	-0.365605	0.362825	
252.000000	105.000000	141.153671	1	793.796875	653.747070	311.394928	-0.384927	-0.867680	0.314584	0.070864	0.312056	0.947417	0.920223	-0.386979	0.058631	
252.000000	105.000000	144.324646	1	774.815125	673.296692	306.785004	0.446368	0.872442	-0.198999	0.188568	-0.309094	-0.932150	0.874756	-0.378557	0.302484	
252.000000	105.000000	149.002380	1	731.440002	620.588684	284.151703	0.384672	0.919068	0.085685	0.597557	-0.177198	-0.782002	0.703530	-0.352016	0.617358	
252.000000	105.000000	136.248016	1	750.884094	597.521912	278.040466	0.271273	0.902585	-0.334292	0.432222	0.196092	0.880189	-0.859997	0.383260	0.336922	
253.000000	105.000000	174.166992	1	260.984924	216.960571	98.819328	0.175401	0.877329	0.446685	0.471630	0.323387	-0.820357	0.864175	-0.354562	0.357053	
253.000000	105.000000	141.426468	1	770.545349	630.243103	292.046204	-0.377317	-0.886837	0.266743	0.048522	0.268706	0.961999	0.924812	-0.375921	0.058356	
253.000000	105.000000	144.784622	1	753.232910	643.623779	286.660706	0.429907	0.889261	-0.156185	0.223925	-0.272597	-0.935707	0.874664	-0.367294	0.316320	
253.000000	105.000000	149.579773	1	706.441101	590.205200	261.194336	0.389643	0.919293	0.055476	0.600069	-0.207721	-0.772508	0.698638	-0.334292	0.632577	
253.000000	105.000000	136.309738	1	723.317688	581.698547	256.337189	0.272159	0.916450	-0.293342	0.420446	0.160952	0.892928	-0.865537	0.366353	0.341513	
254.000000	105.000000	174.237854	1	253.832703	212.816727	91.147514	0.188935	0.893705	0.406933	0.454163	0.287889	-0.843123	0.870655	-0.344109	0.351496	
254.000000	105.000000	141.699265	1	745.733215	605.642578	272.747131	-0.367759	-0.902093	0.225793	0.029576	0.231339	0.972423	0.929451	-0.364295	0.058396	
254.000000	105.000000	145.244583	1	729.739502	613.345642	266.667847	0.413996	0.901367	-0.127058	0.252145	-0.247673	-0.935458	0.874660	-0.355239	0.329811	
254.000000	105.000000	150.157166	1	679.173828	559.932495	238.956497	0.391845	0.919575	0.028962	0.603072	-0.232950	-0.762915	0.694811	-0.316411	0.645850	
254.000000	105.000000	136.371475	1	695.017090	564.346313	235.001984	0.272824	0.928489	-0.251945	0.408645	0.125241	0.904060	-0.870963	0.349605	0.345254	
255.000000	105.000000	174.308716	1	246.504501	208.103104	83.711159	0.202659	0.908958	0.364314	0.437203	0.248910	-0.864232	0.876232	-0.334424	0.346956	
255.000000	105.000000	141.972061	1	719.318848	580.469849	253.635666	-0.356628	-0.914549	0.190830	0.013756	0.199099	0.979883	0.934145	-0.352078	0.058424	
255.000000	105.000000	145.704559	1	704.028748	582.804199	246.892853	0.398795	0.910655	-0.108030	0.275359	-0.231279	-0.933106	0.874723	-0.342371	0.342989	
255.000000	105.000000	150.734543	1	649.891296	529.976135	217.626816	0.391709	0.920074	0.005306	0.606127	-0.253703	-0.753820	0.692224	-0.298494	0.657059	
255.000000	105.000000	136.433212	1	666.125732	545.704224	214.218658	0.273085	0.938678	-0.210494	0.396967	0.089354	0.913473	-0.876266	0.333015	0.348223	
256.000000	105.000000	174.379593	1	238.454712	202.502884	76.439240	0.215279	0.921877	0.322176	0.419833	0.210498	-0.882854	0.881700	-0.325320	0.341719	
256.000000	105.000000	142.244858	1	691.180908	555.045227	234.860794	-0.344195	-0.924980	0.161063	0.000282	0.171443	0.985194	0.938898	-0.339144	0.058749	
256.000000	105.000000	146.164536	1	676.289978	552.666931	227.586182	0.383868	0.918338	-0.096436	0.294793	-0.220852	-0.929689	0.875067	-0.328449	0.355498	
256.000000	105.000000	151.311935	1	618.902283	500.570892	197.447113	0.389331	0.920961	-0.015883	0.608932	-0.270283	-0.745754	0.691103	-0.280673	0.666033	
256.000000	105.000000	136.494934	1	636.678772	526.001099	194.173141	0.272635	0.947045	-0.169633	0.385633	0.053965	0.921072	-0.881452	0.316533	0.350499	
257.000000	105.000000	174.450455	1	230.021118	196.294769	69.824364	0.225264	0.932305	0.282956	0.403910	0.174926	-0.897919	0.886630	-0.316558	0.337163	
257.000000	105.000000	142.517654	1	661.294006	529.637146	216.699631	-0.330203	-0.934081	0.135863	-0.011152	0.147787	0.988956	0.943844	-0.325041	0.059216	
257.000000	105.000000	146.624496	1	646.309937	523.117798	209.085098	0.368613	0.925186	-0.090311	0.311246	-0.214381	-0.925833	0.875928	-0.313165	0.366984	
257.000000	105.000000	151.889328	1	586.129761	471.606537	178.648270	0.384737	0.922363	-0.034980	0.611616	-0.283134	-0.738756	0.691306	-0.262833	0.673064	
257.000000	105.000000	136.556671	1	606.521790	505.396027	175.117874	0.270723	0.953752	-0.130637	0.375170	0.020444	0.926731	-0.886542	0.299898	0.352284	
258.000000	105.000000	174.521317	1	220.844803	189.380661	63.977669	0.229599	0.940101	0.251980	0.389414	0.148539	-0.909006	0.891987	-0.306832	0.331984	
258.000000	105.000000	142.790451	1	629.774902	504.437531	199.235291	-0.313964	-0.942484	0.114672	-0.021151	0.127693	0.991588	0.949199	-0.308898	0.060026	
258.000000	105.000000	147.084473	1	614.146912	494.480103	191.368103	0.351644	0.932014	-0.087735	0.325990	-0.209769	-0.921807	0.877541	-0.295547	0.377591	
258.000000	105.000000	152.466721	1	552.124573	443.451080	161.295364	0.376228	0.925087	-0.051632	0.615001	-0.291020	-0.732858	0.692983	-0.243968	0.678420	
258.000000	105.000000	136.618408	1	575.747559	484.176941	157.314713	0.265754	0.959279	-0.095698	0.365973	-0.008552	0.930586	-0.891874	0.282330	0.353343	
259.000000	105.000000	174.592194	1	211.083572	181.919769	58.854332	0.228248	0.946741	0.227123	0.374873	0.129836	-0.917940	0.898540	-0.294660	0.325272	
259.000000	105.000000	143.063248	1	597.343811	479.885559	182.100906	-0.294858	-0.950694	0.096118	-0.030474	0.109895	0.993476	0.955055	-0.290005	0.061375	
259.000000	105.000000	147.544449	1	580.521179	466.970978	174.105270	0.331599	0.939542	-0.085460	0.339562	-0.203375	-0.918333	0.880193	-0.275500	0.386472	
259.000000	105.000000	153.044098	1	517.418823	415.912354	145.091705	0.362254	0.929874	-0.064083	0.619614	-0.291607	-0.728728	0.696312	-0.224278	0.681798	
259.000000	105.000000	136.680145	1	544.662842	462.405853	140.508194	0.256887	0.964206	-0.065693	0.357899	-0.031771	0.933219	-0.897729	0.263243	0.353250	
260.000000	105.000000	174.663055	1	200.924957	174.191223	54.283985	0.222622	0.952537	0.207637	0.360713	0.117388	-0.925260	0.905718	-0.280881	0.317459	
260.000000	105.000000	143.336044	1	564.498230	456.058655	164.951538	-0.273154	-0.958694	0.079321	-0.039231	0.093490	0.994847	0.961170	-0.268634	0.063148	
260.000000	105.000000	148.004410	1	546.286621	440.595825	157.203064	0.308090	0.947875	-0.081322	0.351307	-0.192790	-0.916196	0.884117	-0.253702	0.392392	
260.000000	105.000000	153.621490	1	482.865997	388.969574	130.127335	0.342351	0.936872	-0.071171	0.625007	-0.283637	-0.727267	0.701543	-0.204498	0.682655	
260.000000	105.000000	136.741867	1	513.745972	440.311615	124.501610	0.244276	0.968836	-0.041064	0.350403	-0.048704	0.935332	-0.904183	0.242868	0.351380	
261.000000	105.000000	174.733917	1	190.254349	166.241425	50.284241	0.215018	0.957852	0.190491	0.346699	0.107482	-0.931798	0.912999	-0.266396	0.308976	
261.000000	105.000000	143.608841	1	531.603699	432.872223	147.553162	-0.249973	-0.966160	0.063631	-0.047445	0.077861	0.995835	0.967090	-0.245913	0.065302	
261.000000	105.000000	148.464386	1	511.972260	415.046631	140.604721	0.281820	0.956582	-0.074359	0.360442	-0.177376	-0.915762	0.889190	-0.231278	0.394780	
261.000000	105.000000	154.198883	1	448.756012	362.194336	116.468590	0.317272	0.945574	-0.072300	0.630452	-0.267261	-0.728768	0.708427	-0.185636	0.680933	
261.000000	105.000000	136.803604	1	483.336121	418.005463	109.195892	0.229254	0.973136	-0.021181	0.342940	-0.060387	0.937414	-0.910953	0.222169	0.347571	
262.000000	105.000000	174.804794	1	178.916321	158.026855	46.958080	0.200913	0.962798	0.180706	0.332797	0.106413	-0.936975	0.921347	-0.248389	0.299037	
262.000000	105.000000	143.881638	1	499.095947	410.168152	130.093842	0.225997	0.972914	-0.048612	0.055415	-0.062663	-0.996495	0.972551	-0.222511	0.068075	
262.000000	105.000000	148.924362	1	478.063202	390.036041	124.239960	0.253502	0.965210	-0.064085	0.367031	-0.157269	-0.916818	0.895000	-0.208894	0.394130	
262.000000	105.000000	154.776260	1	415.641937	335.518066	104.092964	0.287424	0.955460	-0.066962	0.635267	-0.242490	-0.733235	0.716815	-0.168211	0.676670	
262.000000	105.000000	136.865341	1	453.671600	395.417236	94.634659	0.211765	0.977298	-0.006570	-0.335191	0.066313	-0.939813	0.918042	-0.201222	-0.341625	
263.000000	105.000000	174.875656	1	167.143692	149.790649	44.842999	0.176748	0.965290	0.192291	0.324884	0.127200	-0.937161	0.929091	-0.228114	0.291125	
263.000000	105.000000	144.154434	1	466.822357	387.740204	113.708748	0.202774	0.978505	-0.037551	0.062142	-0.051129	-0.996757	0.977251	-0.199783	0.071174	
263.000000	105.000000	149.384338	1	444.471161	365.360962	109.290695	0.226127	0.972530	-0.055255	0.370326	-0.138294	-0.918550	0.900958	-0.187246	0.391425	
263.000000	105.000000	155.353653	1	383.289337	309.049347	93.795876	0.257075	0.964529	-0.059978	0.638402	-0.216091	-0.738748	0.725504	-0.151623	0.671308	
263.000000	105.000000	136.927063	1	423.991730	372.746399	81.498039	0.193507	0.981096	0.002525	-0.327801	0.067080	-0.942362	0.924717	-0.181526	-0.334585	
236.000000	106.000000	172.521835	1	287.389832	202.662064	173.275833	-0.014291	-0.690554	-0.723139	0.794923	-0.446550	0.410719	0.606542	0.568971	-0.555319	
236.000000	106.000000	137.258438	1	1048.595459	687.039978	538.500061	-0.306439	-0.370978	0.876625	0.038860	-0.925038	-0.377882	0.951097	-0.081732	0.297884	
236.000000	106.000000	137.356995	1	1048.759033	689.616516	538.549683	-0.306360	-0.359773	0.881310	0.029451	-0.928967	-0.368990	0.951460	-0.087088	0.295194	
236.000000	106.000000	140.185364	1	1000.136658	745.473206	572.492554	-0.284335	0.026520	0.958358	0.185988	0.982153	0.028003	0.940512	-0.186206	0.284192	
236.000000	106.000000	135.433609	1	1028.922119	633.381104	543.132629	-0.299057	-0.552704	0.777871	0.302446	-0.828050	-0.472080	0.905037	0.094085	0.414798	
237.000000	106.000000	172.592712	1	293.269531	200.037277	183.215942	-0.025273	-0.695953	-0.717642	0.851974	-0.390543	0.348736	0.522974	0.602599	-0.602804	
237.000000	106.000000	137.531235	1	1045.685669	702.362000	539.490601	-0.310512	-0.392257	0.865862	-0.073143	-0.898327	-0.433195	0.947751	-0.197844	0.250250	
237.000000	106.000000	137.816971	1	1045.387207	710.408325	539.388184	-0.311394	-0.360135	0.879395	-0.089744	-0.910125	-0.404498	0.946034	-0.204878	0.251088	
